!GiaId: 275251207 azimuth= -43.22934887454733, zenith= 37.50717339352987
!x_antenna(N_ant), y_antenna(N_ant), St_I(N_ant), St_Q(N_ant), St_U(N_ant),St_V(N_ant),sigma_I(N_ant), sigma_Q(N_ant), sigma_U(N_ant),sigma_V(N_ant), station(N_ant),x_ant_ground(N_ant), y_ant_ground(N_ant)
-45.45068646665926	-105.38732933926141	5.565866142597056e-08	-2.390519202445917e-08	-2.7104359664406332e-08	4.137701362053196e-08	6.478388626913736e-09	7.71381371000319e-09	6.8581728881222545e-09	7.506565376318346e-09
-33.99831594232995	-93.58093801814547	7.195346727321045e-08	-2.539052297521794e-08	-3.3771683325432786e-08	5.760855198179796e-08	7.904737444829074e-09	8.745984866450055e-09	6.923141892234215e-09	7.903740718968154e-09
-18.556220110632818	-97.32440049294799	5.424825797529026e-08	-3.301797609614962e-08	-1.1043482269207532e-08	4.1011861632561104e-08	7.037679397616751e-09	7.341199442523268e-09	6.486403248604206e-09	7.011105922500079e-09
-14.497896089996964	-100.05440424743102	5.8460863915560026e-08	-3.3200640391056303e-08	-1.148832037711843e-08	4.3036569390270115e-08	7.734869829729038e-09	7.688390746075009e-09	7.599340233674344e-09	7.545917702199302e-09
-11.703967366148296	-111.86505579544583	5.8960247363404507e-08	-3.598404727985473e-08	-1.3930498457803209e-08	4.159509513664552e-08	7.863934529563476e-09	8.131106001365234e-09	6.364936901203008e-09	8.033449103949538e-09
-15.640613794524091	-124.47638005614246	5.63730361589866e-08	-1.5599818439046885e-08	-3.16499907852916e-08	4.293331843651033e-08	6.700413174319283e-09	7.50008791747054e-09	6.187099957178414e-09	7.589173310911578e-09
-19.61037114006267	-131.29100197819278	5.004561345291704e-08	-1.2653982307793757e-08	-1.99315966943158e-08	4.304366845212265e-08	6.634964315281834e-09	6.574674255702017e-09	5.8129772948586745e-09	6.966957709044336e-09
-33.7902246232521	-130.99949776516962	4.9771256191560893e-08	-1.8741592508740454e-08	-1.3235841256386364e-08	4.302985627082562e-08	6.8387596160210735e-09	6.943839812268782e-09	6.250868270402232e-09	7.259549694413174e-09
-41.608768937986454	-129.05138330684963	5.973705187972314e-08	-2.831266222686614e-08	-2.561267836191746e-08	4.318028486997544e-08	6.776568311239378e-09	8.287826949324615e-09	7.022273501022706e-09	7.392666317664996e-09
-46.64798275774344	-120.48313821832826	4.596427381156903e-08	-1.686869994061507e-08	-2.1718058801653268e-08	3.470237319477718e-08	6.708558761946799e-09	7.25260885201958e-09	6.175206066558518e-09	7.309215298924352e-09
-53.81985519804204	-116.69279058324854	5.569838082157872e-08	-3.1344147967621114e-08	-5.840115724417877e-09	4.4957580140935486e-08	6.5453978132237935e-09	7.278467648416317e-09	6.620057440025735e-09	6.914364137412069e-09
-52.35426099277598	-103.79658656936572	5.1598146463807035e-08	-2.502893363990163e-08	-1.6902993212484436e-08	4.1350269777361595e-08	6.858577376792342e-09	7.528463199424736e-09	6.182266384072142e-09	7.47927207700844e-09
-45.01578050456394	-93.39115064325696	5.636972412137534e-08	-2.384002973522872e-08	-2.9166728636766443e-08	4.0564665160055996e-08	6.790190766013443e-09	6.23936818735788e-09	6.3086127314510185e-09	7.203458418675117e-09
-32.170587728151915	-86.90667382654314	6.784348411176346e-08	-4.159096101648878e-08	-1.4967946249765516e-08	5.1053708536251663e-08	8.384806149829759e-09	8.902427961134356e-09	7.118107416472498e-09	7.421783731924998e-09
-10.270440231032227	-99.20762654077171	6.92441209337697e-08	-2.6390328987697477e-08	-1.8604538763290957e-08	5.8387006444825494e-08	8.000296145807585e-09	8.594879976158224e-09	8.086738146961464e-09	8.425295150906868e-09
-4.009710276620572	-111.55621675209217	5.690359097454153e-08	-2.8913183525784827e-08	-2.1579397650477157e-08	4.2086476498989e-08	7.498073834877618e-09	7.659348768957557e-09	6.373059760159101e-09	8.166096547177797e-09
-12.543318965356685	-133.035955090139	6.00580815070993e-08	-3.158372448339946e-08	-2.069566971502383e-08	4.5343754462521964e-08	8.061735335939288e-09	7.967277368202906e-09	7.00694062038754e-09	8.51931465231073e-09
-23.193673703029557	-137.42777856680524	3.829913958974059e-08	-2.1420766910253937e-08	-1.2544123327330642e-08	2.857650759918511e-08	5.973366509043383e-09	6.001462378058753e-09	5.057169888869265e-09	6.159434118016587e-09
-38.97813753708222	-138.67162192878266	4.8846541782697344e-08	-2.2563624807771496e-08	-1.4899663372217044e-08	3.9720932673106623e-08	6.345200618396963e-09	7.02234482890788e-09	6.3709952924754215e-09	6.531718967031645e-09
-52.38857679197604	-127.21139712546353	4.6339651248886445e-08	-6.019559189851088e-09	-1.1529249272415371e-08	4.337104595331864e-08	6.247286343864932e-09	6.10026670296123e-09	6.427935886093116e-09	6.829080084356996e-09
-63.23439170412761	-118.80152564034834	5.9278661545685226e-08	-2.2845022414855923e-08	-1.8203849098974506e-08	5.013790475453952e-08	6.584370178946258e-09	7.418990758229867e-09	6.4542119912109115e-09	7.207583472206225e-09
-59.27007546197497	-104.51235653361539	4.773729739331159e-08	-3.187122857156261e-08	-1.579099285463195e-08	3.126176098742448e-08	5.805268366874297e-09	6.261252657215069e-09	5.854020331541817e-09	5.638765850065177e-09
-52.10064782034682	-91.93299624031857	7.383826117676893e-08	-2.524076361935906e-08	-2.252344631972668e-08	6.509534331124447e-08	7.378524228932502e-09	9.120264513619585e-09	7.80503646635901e-09	7.460574306022925e-09
-46.99903112558688	-85.89389728025346	6.021302836399161e-08	-2.8594229751099344e-08	-1.2620210016563925e-08	5.1005955466303194e-08	7.659484239530357e-09	7.62227569777811e-09	6.765942543298631e-09	8.200767005282149e-09
3.8944360756941476	-116.31941030248565	6.267868030171191e-08	-3.157976370362466e-08	-2.131579579413122e-08	4.9554750324115075e-08	7.885521519616582e-09	8.348088266496017e-09	7.350911109366219e-09	7.995906148239333e-09
-2.8603712076142647	-133.96047862497838	4.1543359876465716e-08	-1.674664866438268e-08	-1.3156363011027304e-08	3.419690986893832e-08	6.266534772740255e-09	5.760124634069704e-09	5.798365865091504e-09	6.4517397786229715e-09
-22.967859617796464	-147.53016108696457	4.787992806711463e-08	-2.5990540468126317e-08	-1.7101877045758457e-08	3.600442800800565e-08	5.9486400286277245e-09	6.591781662898746e-09	5.59350446423307e-09	6.625948315957096e-09
-50.147431408042294	-139.20247986618185	4.5393184314132426e-08	-1.48897320488503e-08	-2.0065277251279325e-08	3.7000135607079664e-08	5.863663606974803e-09	6.105711123791871e-09	5.97819135213376e-09	6.115288440304168e-09
-52.70241247227511	-132.9934951538412	4.1192525665909173e-08	-2.3307798685126816e-08	-2.73978240484242e-08	1.9170247021131654e-08	5.448197514839256e-09	6.3823102576110106e-09	5.146292266755078e-09	5.818641675366466e-09
-58.33574555400868	-135.50046962034793	4.602257175257384e-08	-1.912001191824946e-08	-2.4722711292065953e-08	3.332513490491153e-08	4.965088325700176e-09	6.0770325711966885e-09	5.30547131061587e-09	5.839254456683507e-09
-31.937200705107763	-71.61893779019783	6.158756135973196e-08	-3.7973823171682e-08	-2.6361883085039564e-08	3.899601270208101e-08	6.9024690794891784e-09	7.1325430078606916e-09	6.646409121805918e-09	7.3342262969089045e-09
-16.583570209445792	-75.60837223162096	6.571239489923294e-08	-3.480073485719426e-08	-1.717919738807371e-08	5.099444194452173e-08	7.721885481390846e-09	7.96570142536762e-09	7.495873977218472e-09	7.522665638755984e-09
1.7489020775239024	-131.592524615492	5.5103143053916516e-08	-3.798224883908496e-08	-1.1041961163421836e-08	3.692278973264335e-08	6.6465843032409885e-09	7.299196489143802e-09	6.16090326833224e-09	6.4988043109178374e-09
-4.726068244079678	-146.4965425436641	4.2248937692072227e-08	-2.0816548694913958e-08	-2.0163446963608596e-08	2.62499636329744e-08	5.467717241069158e-09	7.075854910810984e-09	5.599962002425903e-09	6.41771063073812e-09
-78.52579348611238	-8.891242568944598	6.112843600056821e-08	-3.8337693478827964e-08	-1.776943406769977e-08	4.3431458229976785e-08	8.01601363337155e-09	7.756216792760973e-09	7.005976453621812e-09	8.126259746370793e-09
-53.69438112367149	22.312626060079225	6.595719770662837e-08	-3.931620083297237e-08	-2.872009037268403e-08	4.3646833152247366e-08	7.606879717904446e-09	8.750540946953436e-09	7.546778679938667e-09	7.504032124604326e-09
-46.7347303117395	9.691355479595632	5.064114080713922e-08	-2.2216275260614264e-08	-3.300852279587894e-08	3.093163226441928e-08	6.346908431966096e-09	7.522241014074144e-09	5.77665450897651e-09	6.740673612045648e-09
-44.420309707191436	1.8534449395398924	5.5740237323273977e-08	-2.5618404921342408e-08	-2.5885754022148636e-08	4.058580736715298e-08	6.588479678353904e-09	8.112517824947572e-09	7.111967803386135e-09	7.162047938981648e-09
-48.74863402045671	-14.966396893771144	6.297013903231808e-08	-2.3923281122866916e-08	-2.9199031240946286e-08	4.918037343431873e-08	6.240359268806184e-09	8.080107997265668e-09	5.7262325576680635e-09	7.1570070704288545e-09
-78.58203414647213	-15.78209240249066	8.153395928532062e-08	-4.4596878478852553e-08	-2.0383259723422085e-08	6.418774214428184e-08	9.625269552322916e-09	1.0511060404508318e-08	7.908112640836335e-09	8.919219274641052e-09
-85.14431355996977	-10.562864145885465	6.423523374676686e-08	-3.3335409663631145e-08	-2.0313789122318858e-08	4.9955821512582855e-08	8.372499158577203e-09	8.672461579778623e-09	7.406614058155898e-09	8.587852284638442e-09
-85.79060679074364	14.754612559150972	4.837588315850086e-08	-2.91825278794692e-08	-2.3161947974430106e-08	2.8531447437617007e-08	6.797978844390312e-09	8.03773667389632e-09	6.299061045561884e-09	7.905609325655211e-09
-78.44614800234609	26.33615489062962	5.716788796462895e-08	-4.0625920304163037e-08	-2.716459139216718e-08	2.92087230629939e-08	8.022215821980523e-09	8.492355087907978e-09	6.6393390335138855e-09	8.804430951615841e-09
-64.94163022180123	29.836087342579624	5.505446016039059e-08	-3.395013579821943e-08	-2.3759175176261452e-08	3.531164700918362e-08	6.91958659033243e-09	8.419781867041732e-09	7.037000315816386e-09	6.866108196628435e-09
-55.79883989423985	29.388785347803594	5.7186480551857993e-08	-3.2176592593774046e-08	-2.68617877783019e-08	3.8038875586003066e-08	7.1283341077086715e-09	7.373822067828414e-09	6.308450598566171e-09	8.01635314632425e-09
-46.64097763235939	22.17711604310154	5.375844705109033e-08	-2.9311526518028594e-08	-1.3074632198484309e-08	4.2639158242803086e-08	7.908445306912297e-09	8.295715495181847e-09	7.474897414817665e-09	7.737018402416516e-09
-37.558207513879715	8.899336739200645	5.607317533223451e-08	-3.6673320088452e-08	-2.7676281316958908e-08	3.1435365677046554e-08	7.02415034844816e-09	7.547947090696495e-09	6.776635001508691e-09	7.817924199404554e-09
-70.73023436382026	-25.629067772782225	5.955152399450734e-08	-1.9212952897924036e-08	-2.998963189194103e-08	4.7435589752283716e-08	6.961978441055227e-09	7.746873506967664e-09	6.291103786908806e-09	7.541061876973632e-09
-78.47059055517468	-24.109329531665455	6.031890557228087e-08	-3.1069991258531965e-08	-1.821065221924539e-08	4.539189651068155e-08	7.60533738571733e-09	8.090002822622299e-09	6.9935144522375214e-09	8.150943243416837e-09
-91.0304008093696	-10.080461933448229	5.967090308644536e-08	-3.5187833870957367e-08	-2.2286641724922475e-08	4.073017173377123e-08	7.611787992181834e-09	9.207534279176331e-09	7.106807112654915e-09	6.77880097693693e-09
-97.30737693459795	6.839336242608983	6.403685750880322e-08	-2.7989637149597283e-08	-2.4011929368995568e-08	4.912476804309433e-08	7.360336477131099e-09	8.578200124927574e-09	7.443493795583583e-09	7.684155846884107e-09
-86.72207213715885	23.771168115587237	5.9207103221058465e-08	-2.3406450943422937e-08	-3.030404701423273e-08	4.216251989893438e-08	6.8200017341524674e-09	8.161606714815868e-09	6.5665371668292285e-09	8.194340270185896e-09
-59.93321924993751	38.36396502549926	4.82679143755254e-08	-2.850076344628862e-08	-2.9870761912028316e-08	2.404153843672824e-08	6.906310372698578e-09	7.523940037377161e-09	6.531876354829205e-09	7.705052471516079e-09
-38.143476399767955	27.34336443132297	4.1186442754452826e-08	-2.1492486983550456e-08	-2.2139510064774503e-08	2.457189641962934e-08	5.472647162213713e-09	5.922107871773361e-09	5.362701065858758e-09	6.4931754948140775e-09
-31.428751486522614	-0.6668858451978941	5.909180037708883e-08	-3.229489978892754e-08	-3.123958058730724e-08	3.7425397150327507e-08	6.519283456452098e-09	7.66257871984532e-09	6.159699407880358e-09	6.938124938182963e-09
-35.42222336640512	-5.969206362127433	7.04824708804117e-08	-3.8597616447755475e-08	-2.7156657900231255e-08	5.193939450016691e-08	8.2969811983833e-09	8.835911383530972e-09	7.067765032831903e-09	8.383905442554302e-09
-30.421842726571466	-9.692821205463868	6.172877412535305e-08	-2.870593510747825e-08	-2.9769986729416573e-08	4.4333925041660724e-08	7.884928911288433e-09	7.725690460131974e-09	7.025649064384982e-09	8.571908441476281e-09
-58.1297488729745	-36.635756488421194	6.64084218942273e-08	-3.735960410999229e-08	-2.6283525292258494e-08	4.7403683684086215e-08	7.542088717582211e-09	8.160576532232995e-09	6.490087596548255e-09	8.142742075083008e-09
-98.29540901719682	-17.874426991236398	5.5610128481056256e-08	-2.9647977617450753e-08	-2.256003578372475e-08	3.9493383398704e-08	7.2965992168537996e-09	7.625200976652177e-09	6.880029765289194e-09	7.569882900380404e-09
-102.69775734433212	-2.403853215231654	7.913335096610083e-08	-4.6819562573004274e-08	-2.965990027825699e-08	5.5197812957341236e-08	8.89718263601492e-09	9.315315357283739e-09	7.928884510205598e-09	9.092563843472564e-09
-64.29481761531933	41.2546809540625	3.7600287907561255e-08	-2.628644084621834e-08	-2.1892100059371428e-08	1.4386170624058663e-08	5.527362145662507e-09	6.979405528196516e-09	5.569266355769438e-09	6.649727592726379e-09
-48.29808342947452	42.88492881933527	5.71171336177793e-08	-3.774449550357126e-08	-3.7371901046327544e-08	2.0213914281662874e-08	7.125690474536135e-09	8.25730076410234e-09	6.084931041558068e-09	8.231620301307346e-09
-132.94701632265304	-134.5257564224591	3.887296682486196e-08	-2.2449481378900392e-08	2.4596194976920317e-10	3.046527036782034e-08	6.083818811092752e-09	6.43314495974863e-09	5.550002396164541e-09	6.0872343989321955e-09
-128.51397462577174	-150.60288340155043	2.361763919892936e-08	-1.3641173798528688e-08	-1.1981082106326743e-08	1.370704089497948e-08	4.52259329910155e-09	4.8517706232220186e-09	4.251625914901542e-09	4.85352113611921e-09
-155.06134795597575	-160.92670611724384	2.4748713329974436e-08	-1.6938991569151048e-08	-1.3594839367610516e-08	8.73817902124231e-09	4.230435588908362e-09	4.834079437052089e-09	4.064696909613817e-09	5.453527648070962e-09
-163.8765292118431	-151.05334598438623	1.6286833599969234e-08	-1.008955544832745e-08	-7.536826931756358e-09	9.887370533459598e-09	3.69992077219443e-09	4.073101493587541e-09	3.384291981818028e-09	4.0781251802279634e-09
-167.7333317900414	-144.09668807002458	2.0732989243066776e-08	-1.4241630362508167e-08	-1.0934713188369566e-08	8.190219675211127e-09	3.968087332772778e-09	4.745134836943486e-09	3.332129493986805e-09	4.064467760987856e-09
-160.51277417565564	-131.7663026747594	2.4013041674550213e-08	-1.8046763868445103e-08	-9.431402188008296e-09	1.09324332350568e-08	4.82945962619631e-09	5.154198183491282e-09	4.486163166161879e-09	4.4220835954509384e-09
-155.00739451468064	-125.87647689957342	2.465714802747156e-08	-1.5286807800642347e-08	-8.620937009839821e-09	1.6056658630077055e-08	4.710817996158555e-09	5.227011957852181e-09	4.5448918774069916e-09	4.963961183486801e-09
-145.2275444822277	-125.79856981017176	2.299502271461038e-08	-1.1414778163240809e-08	-9.924131909361523e-09	1.6937600188957447e-08	4.194054800981567e-09	4.854875850679759e-09	4.403155043124554e-09	4.685436514265606e-09
-138.4692398922634	-121.41525748363075	3.533288172640449e-08	-2.726219647743155e-08	-5.495288028934321e-09	2.007824829099246e-08	6.208097455689365e-09	6.388570187802525e-09	5.2410101734905905e-09	6.124089906711077e-09
-128.19615001599138	-129.26017492641412	3.1011429730153974e-08	-9.651070909185564e-09	-7.53743572577018e-09	2.4945847743628655e-08	5.215060480072445e-09	5.1161693464638835e-09	5.460213286841948e-09	5.366991994270017e-09
-122.61106130325173	-147.26462286459827	2.8404405973761948e-08	-1.8684606658626266e-08	-2.379116666286514e-09	2.1180007126116374e-08	5.109317206270191e-09	4.974050428781998e-09	4.736757868611346e-09	4.924598387911569e-09
-123.72408645041716	-155.6049433546841	2.52085611460119e-08	-1.9941235990418213e-08	-8.91651354195345e-09	1.1965332027845948e-08	4.611219907516525e-09	4.923722199771437e-09	4.2100932974944535e-09	4.80029557024796e-09
-137.57998666923942	-166.05353201950626	2.4628201828647096e-08	-7.771549865100354e-09	-9.798218567864398e-09	2.0358020987286075e-08	4.732258601123971e-09	5.260895597190849e-09	4.169103531121673e-09	5.154924826106156e-09
-144.97745549557462	-168.6226233851215	1.8773824879236975e-08	-1.324763292590832e-08	-4.19531946665564e-09	1.219110524939246e-08	4.534999053862127e-09	4.905351650638079e-09	3.8237212603509425e-09	4.158778498408289e-09
-158.58306326319195	-167.85445844312383	1.5503638047196396e-08	-1.1893250464117166e-08	-6.473318703484349e-09	5.74254871214193e-09	3.763553256055455e-09	4.333767823448918e-09	3.5856212190594708e-09	3.6025265215401815e-09
-172.6955737657591	-149.42728134757036	1.8953333892839425e-08	-1.5513035250306097e-08	-6.2651447120512506e-09	7.59147496322983e-09	3.8747187119388885e-09	4.4198198153846715e-09	3.672943138998331e-09	4.020844050611883e-09
-171.2038482296068	-137.8232782743399	1.4856320172649151e-08	-1.0061032997384257e-08	-6.055472106010493e-09	8.698767822611615e-09	3.653643168765933e-09	3.845439875307272e-09	3.2750976407656618e-09	3.6102255874776457e-09
-164.50173465155405	-123.30277321402542	3.0237035351601976e-08	-2.5592087575127142e-08	-7.880365989752715e-09	1.3263964125219601e-08	6.157449912549321e-09	6.2403362600463795e-09	4.96807318592527e-09	5.8145990149850855e-09
-135.6383356388092	-112.05901962940494	3.563740415907937e-08	-1.549420206107135e-08	-1.5485825179523942e-08	2.7420070261894252e-08	4.85772939091107e-09	5.8182362815898725e-09	5.8475649783755044e-09	5.521128370858112e-09
-132.37637569815456	-174.86339545621303	2.1441548493307743e-08	-1.2441805070734355e-08	-4.0967049150972775e-09	1.579960705977513e-08	3.3449612300292693e-09	3.606047129012343e-09	3.626650903144966e-09	3.2199294872278432e-09
-179.92681128057393	-132.88653178650443	1.5362530986143076e-08	-1.1810423789722076e-08	-2.556457911634705e-09	9.002740906316895e-09	3.682209894737565e-09	3.688135339801254e-09	3.555305074803491e-09	3.6911446200638145e-09
-174.51906978529402	-126.82794291817099	1.9823631797147072e-08	-9.345162605503672e-09	-9.387140803968189e-09	1.1171413855011305e-08	3.775322646122047e-09	4.418663866530287e-09	3.7192889747697547e-09	4.302120857406808e-09
-152.91344470121518	-114.11235634363355	2.671400684682541e-08	-2.0463724977428705e-08	-8.773526694548002e-09	1.4467441261674394e-08	5.305922596681173e-09	5.441252575592831e-09	4.7953492730250155e-09	5.25440239462408e-09
-110.80595955306276	-163.58054316760322	2.374732938670861e-08	-1.6087621460466013e-08	-5.5931302849347185e-09	1.595465660345795e-08	4.803379138338681e-09	5.079980550028186e-09	3.9944742525359834e-09	4.870231239593622e-09
-121.75675650055103	-175.06283854210494	2.2494214053624622e-08	-1.428667685379833e-08	-1.4802468415910974e-08	8.335320693953319e-09	4.225243466791845e-09	4.914918821996507e-09	4.169376849640158e-09	4.950001724096446e-09
-178.49377505891243	-162.73786346364986	1.5505225487049822e-08	-6.609865784115331e-09	-5.148509338594505e-09	1.2230759712562873e-08	3.7850715619750905e-09	4.448571468487762e-09	3.5513176633090136e-09	4.073763364308725e-09
-61.76688085952209	-252.60103002694814	9.841308968854714e-09	-7.505280820061454e-09	-4.981558893295895e-09	3.4431417822814177e-09	2.8290101566528337e-09	3.466707073210909e-09	2.610292419694936e-09	2.9717953270499047e-09
-64.6619510253056	-253.45592604319745	1.4597082243374112e-08	-1.1193619355358212e-08	-3.5614359054494187e-09	7.813989279837062e-09	4.303235121131131e-09	4.3049850304306435e-09	3.495700365775066e-09	4.222142935201267e-09
-73.09128474816306	-240.4482649995673	1.4551762296655054e-08	-1.297915791568499e-08	-3.922570765386441e-09	5.185459013825416e-09	3.765675353475586e-09	3.99875652000323e-09	3.344621572510218e-09	3.852972683716615e-09
-35.63205516178026	-227.51565920019937	1.7563853336415507e-08	-1.135832317941376e-08	-5.79550304661141e-09	1.1424346068155983e-08	3.8335021390702904e-09	3.967269402237836e-09	3.710464356362608e-09	4.171352988395972e-09
-36.27809657480587	-241.90073976731713	2.0082095567669065e-08	-1.7652325415718307e-08	-4.570318678293028e-09	7.366391083125458e-09	5.116813417687136e-09	5.243862104435848e-09	4.402750050896229e-09	4.847386061900305e-09
-46.94705232328474	-254.48898831177692	1.7345661169686752e-08	-1.5732923627554102e-08	-9.250856831464953e-10	4.542787605918653e-09	4.370857428085353e-09	4.629908555351327e-09	3.6207622077931453e-09	3.7016366050237878e-09
-50.857438824184584	-261.6026060750981	6.447398352982279e-09	-5.37463715897399e-09	-7.72032712415277e-10	2.1723308867983413e-09	2.466285518231323e-09	2.464964493027425e-09	2.186112712194251e-09	2.591555911252067e-09
-63.50591219876392	-259.54108359247425	8.033409755317076e-09	-6.52266572272587e-09	-2.3156812858644396e-09	3.2516955994132734e-09	2.594637948970519e-09	2.6792055221382174e-09	2.4824827267499667e-09	2.770174372821439e-09
-73.55776392658073	-251.62660741292024	8.826509639717644e-09	-7.509816157700894e-09	-2.4629814193114423e-09	1.5502213645354347e-09	3.0767399551168775e-09	3.2049382157348816e-09	2.7052284084934513e-09	2.9052288944872486e-09
-76.73366121943134	-246.2263967020992	8.979639508888952e-09	-7.275499645315653e-09	-4.042841344253627e-09	3.0090508554353905e-09	3.0311703685127323e-09	3.346732036916898e-09	2.8112296569848673e-09	3.285980597839382e-09
-79.61003891537943	-238.29493131452838	1.5229409343965424e-08	-1.082794870893603e-08	-1.7969802931272615e-09	9.684984645256853e-09	3.3617604498672775e-09	3.696895570904941e-09	3.477415183045534e-09	3.4759846724317784e-09
-72.26552016771483	-222.4123708887007	1.314065488835845e-08	-4.448992513750769e-09	-9.549748177339272e-09	4.692402959393835e-09	3.085687369937044e-09	3.5048651605570227e-09	2.9501407525430743e-09	3.558920303332199e-09
-66.9565911469962	-216.60483534235175	1.3679285691031456e-08	-9.687529897398953e-09	-9.383605459618493e-09	3.62016134260648e-10	3.188042648172334e-09	3.957440904734695e-09	2.7844759497967276e-09	4.045952293661701e-09
-54.648700408184006	-210.79631874097024	2.2856016799110928e-08	-1.7194671671949252e-08	-1.2184887948697038e-08	7.796233879479028e-09	4.467769712326572e-09	5.001736188829687e-09	4.0824952842124735e-09	4.898016417706605e-09
-29.68536651259499	-231.42735609948545	2.0929306818353057e-08	-1.5429410998611373e-08	-1.0060142634652885e-08	-1.3423312942940368e-09	4.198112654533102e-09	5.324068466040869e-09	3.976948500564761e-09	4.65934156372932e-09
-75.17074814352219	-258.7555607910289	1.1917794444422201e-08	-7.889988425460938e-09	-5.348409861138854e-09	6.193874760503102e-09	3.2162138347802903e-09	3.5537865925268133e-09	3.0738867675799767e-09	3.3849944559631038e-09
-80.98244305945504	-253.30651934947832	6.117291446314345e-09	-5.420758989604231e-09	-1.804565370758733e-09	-5.048006364927367e-10	2.1988790157791868e-09	2.4068791222802914e-09	2.228143186210726e-09	2.5046675906205253e-09
-84.38111643571563	-234.7185463266515	1.9607335027191368e-08	-1.818376298786231e-08	-2.6424744068296805e-09	3.87691311657069e-09	4.1192089132481585e-09	4.2936750958836855e-09	3.764756200445414e-09	4.125922799609561e-09
-80.90936732002884	-217.07608100255212	1.5988200006028146e-08	-1.2346806325261177e-08	-6.019743627478882e-09	7.568161167112866e-09	3.733798463452501e-09	4.095065308004089e-09	3.6709734243850835e-09	4.485663162516957e-09
-72.25478265344137	-208.59240707212604	2.0264264150812572e-08	-1.4401990701674684e-08	-4.184447665126085e-09	1.3510979438921454e-08	3.820531077310587e-09	4.281611800331026e-09	3.770570413982458e-09	3.9672649452233464e-09
-63.04762828295354	-208.50247098222752	2.8249019220381422e-08	-1.7258864728102853e-08	-9.558271289167083e-09	1.9363240942029684e-08	5.033454068362691e-09	5.849103573826425e-09	4.5684239901144715e-09	5.071600202437019e-09
-26.572542055101227	-217.23588264627907	2.2728462133501553e-08	-9.49025035764254e-09	-5.5270343638492276e-09	1.9205126073881995e-08	4.994927595543412e-09	4.887712092934142e-09	3.974577005129087e-09	5.134112335253039e-09
-28.622130751899125	-258.87408954672213	1.5014865112603686e-08	-1.42854311571181e-08	2.4716422629768246e-09	2.6075627202076324e-09	3.785766822123408e-09	3.744451444454589e-09	3.809559384799383e-09	3.3418395773911157e-09
-87.64954720431521	-256.1914763930365	1.3548577929989402e-08	-1.0906458370293804e-08	-2.385716598849274e-09	-1.9248528426338066e-09	3.614572409262233e-09	3.7104268245618865e-09	3.271786294363974e-09	3.4150820444891883e-09
-94.64284783606348	-237.37869069128573	9.543300408847383e-09	-7.823614047473165e-09	-2.975817766229974e-09	4.283546919948409e-09	2.8164889004036936e-09	3.2523321079309034e-09	2.7305708734514574e-09	3.28236545519524e-09
-90.33019963999742	-221.96465468006048	1.4258002528478366e-08	-1.0098805641640448e-08	-6.732651461359193e-09	4.7709269472673295e-09	3.845777437016177e-09	4.288436957818074e-09	3.601148643254212e-09	4.1316641957515895e-09
-54.53695365015507	-195.79538296317025	2.6880762546754313e-08	-2.3500983858582057e-08	-4.792431502423614e-09	1.1928616482469322e-08	5.5509495931033296e-09	5.714658677684103e-09	5.0464245998227714e-09	4.573834086664692e-09
-20.297358976974543	-213.0773958260861	2.3492481160607106e-08	-1.8589156845924835e-08	-7.88033235570719e-09	1.0943907640698413e-08	4.7843078886169514e-09	4.8615946363992836e-09	4.8511451245836124e-09	5.275672784674877e-09
72.66281839596985	-206.45652050235225	4.015449342859101e-08	-2.8644486578846263e-08	-7.191733606100947e-09	2.4410549396442215e-08	6.199187542184219e-09	6.400574931953765e-09	4.973760290979422e-09	6.312312853608237e-09
74.86141806812984	-208.58308221333274	3.492639457948792e-08	-2.6673183274257058e-08	-9.081597878862143e-09	1.89665605346936e-08	5.789938055650416e-09	5.938434432553143e-09	5.343301777922739e-09	5.898538256038521e-09
68.05867799998154	-222.3959859927334	2.1791782743972004e-08	-1.774476282195108e-08	-6.659057429768172e-09	8.195309760105037e-09	4.003368776653935e-09	4.216945052267144e-09	4.147108549458578e-09	4.348561423283742e-09
52.7643070507738	-226.44029943869018	1.8565134397168145e-08	-1.575827328011296e-08	6.984489764159987e-10	9.152381571721298e-09	4.163434918700471e-09	4.016023365316621e-09	3.6271643921809382e-09	3.5986325628728684e-09
40.024669760265056	-216.8055748665441	2.057999051121044e-08	-1.3290413709242724e-08	-1.121149584946223e-08	1.0428214737764858e-08	3.9202938787593e-09	4.485054268805145e-09	3.582837563417683e-09	4.404236700003088e-09
37.65451452625988	-203.73530523208072	2.7040015509224483e-08	-2.361050908199173e-08	-1.1498140503444213e-08	5.260399936007531e-09	5.022846629468654e-09	5.957715827855275e-09	4.483276691988061e-09	5.240506852042092e-09
58.35296141189306	-187.2884294324772	3.203625741182837e-08	-2.3369207468745875e-08	-7.369103606720417e-09	1.7714903867376917e-08	5.6511382428993284e-09	5.663493008067069e-09	5.535031824634004e-09	5.498255271129635e-09
66.73884073881295	-192.48921422019055	2.6852479945712724e-08	-1.2939590587018395e-08	-7.418592749949619e-09	2.2093571439314692e-08	4.5801476789060914e-09	4.8555304263494494e-09	4.3011388002836695e-09	4.602146102072013e-09
79.46218604082111	-204.57532292665596	2.219931111881475e-08	-1.7001756960298124e-08	-8.241469197245186e-09	8.734694904013044e-09	4.390966287069902e-09	5.042421811088875e-09	4.112544617059272e-09	4.585590513126401e-09
77.82390125727493	-217.3096456344124	1.6379952173800142e-08	-7.343230062053629e-09	-6.6279960859393774e-09	1.244209363285569e-08	3.4936944121209736e-09	4.0126959108365565e-09	3.6546617123997716e-09	4.057176950419269e-09
52.26456260032471	-230.5390210577689	1.5847608916185675e-08	-1.4159623504828399e-08	-3.5123802723009625e-09	2.1079707178763565e-09	3.6374060207683588e-09	4.057900498662641e-09	3.4982026375780784e-09	3.455599394045333e-09
44.614980236495	-228.72170799573013	2.353459900420881e-08	-2.0047015338861247e-08	-7.667154269700109e-09	4.11468292265722e-09	4.938386099616844e-09	5.790934309510701e-09	4.079297391442409e-09	4.687274252710288e-09
33.40863220035973	-220.74944470021768	2.8797622816922745e-08	-2.0834327796603542e-08	-1.749314410683059e-08	7.779903721777189e-09	4.846041333097526e-09	5.538247522177119e-09	4.633072776929716e-09	5.900460887209483e-09
30.979031466312048	-197.6174092152806	3.5658811286848447e-08	-2.4608041306616855e-08	-1.1848457698494496e-08	2.104478372665668e-08	5.670648675552027e-09	5.686465341509829e-09	5.1369585465709095e-09	5.959392018321507e-09
38.305158889900575	-188.63847925477558	3.539438396475874e-08	-2.2048117933636416e-08	-1.3203596547208957e-08	2.4118434182378102e-08	5.283891269777988e-09	5.981018186387464e-09	4.9233235345679285e-09	5.585502713088624e-09
68.67266616605761	-183.77925879846907	3.3962660554758864e-08	-1.974028182967601e-08	-6.315449826799261e-09	2.648901640772644e-08	5.7074274773873454e-09	6.086336155493707e-09	5.790105456739752e-09	5.7067274303289115e-09
85.2063877123467	-200.6409211573448	2.438466887784449e-08	-1.9554328326359197e-08	-8.478524538715778e-09	9.00516528496203e-09	4.731641268878249e-09	5.457303127519572e-09	4.2624402782209475e-09	4.673377472621306e-09
84.72250018578794	-215.22486484042537	1.808229351098427e-08	-8.820084422388597e-09	-3.97073533523653e-09	1.5078452159918814e-08	3.91225506579187e-09	4.6560674467184625e-09	3.5998716369597413e-09	4.035738144697822e-09
68.91370495392248	-235.14729071292675	1.8836148795316548e-08	-1.7492318058098494e-08	-4.969924033685855e-09	-1.0971802044785041e-10	3.930455041516039e-09	4.291276449346545e-09	4.01551479995996e-09	4.228206421360637e-09
52.11017284516014	-240.76786584127444	1.1880989212460347e-08	-5.417606158097328e-09	-4.457796169490032e-09	8.446919320188443e-09	3.099717725631739e-09	3.608293313905791e-09	2.774255927385597e-09	3.3880013101305474e-09
24.264180346492957	-220.29179263366942	2.521903300103101e-08	-2.3210611127281947e-08	-7.68650217304322e-09	1.1213187165748702e-10	4.502842785956817e-09	5.004175451965283e-09	4.093265287292817e-09	4.491292748762113e-09
66.2767494842992	-178.49872590587896	2.656446501655891e-08	-1.9333756625979964e-08	-6.536254605728588e-09	1.633056889128595e-08	5.038847178960536e-09	5.714597263883538e-09	4.389671385667731e-09	4.899115922022789e-09
95.86740706088587	-202.92042899945207	2.3272933000960685e-08	-1.8173881268919927e-08	-5.887129085556289e-09	1.1715224651390566e-08	4.9132690466874366e-09	5.375866416374373e-09	4.678107400659332e-09	4.634645048795903e-09
20.56465972335545	-228.02530485216894	1.8418186805669708e-08	-1.0574582395710651e-08	-1.0064204417453947e-08	1.0309242375888537e-08	3.6462672558133985e-09	4.4651095549744805e-09	3.4618134025395614e-09	4.417106426731534e-09
17.89168555287227	-189.40042893664136	3.216900265734754e-08	-2.4086270703851882e-08	-9.211417588270589e-09	1.7818057444969773e-08	5.1293575289022e-09	5.8479366820075405e-09	5.404734379210943e-09	5.286118546099059e-09
54.56309933257154	-168.07302239832973	3.7941899455980614e-08	-2.016180292567009e-08	-2.691749018987668e-09	3.145152517186167e-08	5.4430106931678815e-09	6.020711733195651e-09	5.47813138111166e-09	5.721343822671746e-09
-72.85596409848408	252.19546090286286	5.331695717873109e-08	-2.459772732602505e-08	-3.498097794353252e-08	2.8781169195357554e-08	7.0615837547864875e-09	8.345274802748e-09	6.291498848578217e-09	8.414143609569164e-09
-75.87703013288419	252.18769934121013	4.840447230826038e-08	-3.306893105568097e-08	-3.170737498200905e-08	1.2521787067348107e-08	5.598897323869767e-09	6.817829956883468e-09	5.432272463134623e-09	6.8785004587852614e-09
-80.4739881589239	267.0168195735798	5.2486036012120654e-08	-2.9161008124584373e-08	-2.747326961115916e-08	3.3762298830209666e-08	6.630202145576798e-09	7.767909307349559e-09	6.03251723675313e-09	6.610416156084366e-09
-72.33729474460553	280.7481059399499	4.1969955130886006e-08	-2.903608353178213e-08	-2.4777816075213627e-08	1.7076428840860116e-08	6.855196557700842e-09	7.679439624287862e-09	6.418695704981104e-09	6.801742910903933e-09
-68.56614398210695	283.80111735686603	4.6049103623227745e-08	-3.343211640853786e-08	-2.7416580374598615e-08	1.476234818495025e-08	6.903502360776333e-09	8.043665838971333e-09	6.210801839744631e-09	7.101387313024835e-09
-56.67120708605526	282.7439459424718	5.268212005478273e-08	-4.059423939974017e-08	-2.953403047255368e-08	1.4842465983387534e-08	7.090797687085777e-09	8.059929748398829e-09	6.499209864399179e-09	7.489259685805243e-09
-46.045727843596794	274.92808904782544	5.267552839964701e-08	-2.9034573221909855e-08	-3.185817016180412e-08	2.803265675599842e-08	6.525707545538876e-09	8.147490213762845e-09	6.229084104052696e-09	8.373157492003424e-09
-40.85716523292615	268.92372708111833	4.95888062840444e-08	-2.665661180189079e-08	-3.816514200733278e-08	1.6811503441576525e-08	6.625965681108443e-09	7.297709918733229e-09	5.4958162490778295e-09	8.448406355637574e-09
-59.08277458671911	246.23524280481357	5.993608922100713e-08	-2.845613799825293e-08	-4.092604547377018e-08	3.246362617455208e-08	6.440950365632e-09	8.505758716099103e-09	6.533340074607818e-09	7.295263765714552e-09
-64.78172844091571	240.5115882119012	5.4132014307862564e-08	-3.740831842742823e-08	-2.5997671535626e-08	2.7237794920083308e-08	6.2450319691430944e-09	7.90678468598348e-09	5.513540291266138e-09	5.876441654057264e-09
-76.4161815908083	246.0302052221857	5.433617686336227e-08	-2.94489435801677e-08	-3.440323899937609e-08	2.912124465673673e-08	6.469968226160401e-09	7.344621379507823e-09	5.47418173231355e-09	6.8019855271887036e-09
-83.95541656754791	256.43191108940175	5.517032259873299e-08	-2.9671253802117876e-08	-3.704145959343234e-08	2.6833319915212795e-08	6.4077272597503726e-09	8.324572293727054e-09	6.063982562806341e-09	7.3604810914682074e-09
-85.55221593463493	262.49735799128683	5.770739345715191e-08	-2.0749876673411883e-08	-2.5743140128220402e-08	4.636665044989505e-08	7.3599172838153795e-09	8.345018375107848e-09	6.383269268310961e-09	7.811330755946297e-09
-74.7844115547384	284.07529483145464	5.710850381494495e-08	-4.238030456214986e-08	-2.999492197641328e-08	2.340120974524526e-08	6.675314847546335e-09	8.21644846116049e-09	6.662278214411052e-09	7.589672737334202e-09
-68.09068841629423	288.1558232166976	5.1093207047157483e-08	-3.777003461376314e-08	-3.0006141802742004e-08	1.428350561522718e-08	6.81154551780256e-09	7.622617052327156e-09	6.326262547992504e-09	7.885256773512598e-09
-54.65288189615683	290.27719377142347	4.8277571812191494e-08	-4.3230236611363956e-08	-1.9882860273187702e-08	5.71832049493429e-09	7.39268010796171e-09	8.088666914536814e-09	7.084498336798189e-09	7.457551917283854e-09
-42.959413206106646	282.3973597066756	6.39558077475707e-08	-4.33024287026913e-08	-2.983800803966913e-08	3.555287014058208e-08	8.211507955524996e-09	9.370477891704848e-09	7.503287595595187e-09	8.903165295437757e-09
-37.10415924506095	275.1989335866956	5.285614954061904e-08	-3.7114528698326606e-08	-2.4152137187403747e-08	2.8284211838439538e-08	7.122108940892623e-09	7.871345360607197e-09	6.324888476715119e-09	7.445012077138672e-09
-36.186377480376386	263.5093212234359	5.2284837310416637e-08	-2.6088518379323097e-08	-3.427530189363684e-08	2.6198891537207043e-08	6.343413503202373e-09	7.639148095431988e-09	6.169975744038349e-09	7.44006940726661e-09
-39.75673266999018	247.86101405259538	4.9486718066864894e-08	-2.0344327809697927e-08	-3.205338659370594e-08	3.0911836093052366e-08	5.802655500008901e-09	6.62479182086745e-09	5.2470016536674445e-09	6.989526271018982e-09
-54.50641162819558	238.5483094016629	6.050030764302568e-08	-2.0686795111708263e-08	-3.767671967519669e-08	4.216822766141874e-08	6.971124985809129e-09	7.785152187690987e-09	6.439166427846265e-09	8.61377334239683e-09
-77.81945130602843	239.11905315556018	6.154941752269503e-08	-3.133531386184828e-08	-4.5622926814039175e-08	1.9837563903206268e-08	7.103194814328777e-09	8.460114618562505e-09	6.393979551872914e-09	8.244018975631805e-09
-87.4455246445534	250.0491854147889	4.989867446717254e-08	-3.240292625681064e-08	-3.438844754660129e-08	1.4801328347796526e-08	6.515165719734722e-09	7.835960461448226e-09	6.369184277375096e-09	7.58711305956336e-09
-91.56916826503344	256.90015218323265	6.482432995758876e-08	-4.290754509195919e-08	-2.7183039842288727e-08	3.991351339865779e-08	7.3216412159827225e-09	8.40298174271976e-09	6.675921634369616e-09	8.008995252349985e-09
-89.80224724629286	275.6717037827668	6.284797606516536e-08	-3.79129490227319e-08	-4.55960371539634e-08	2.0102937528266743e-08	6.80775669373649e-09	8.657417942322015e-09	6.693335994857057e-09	9.165285897337413e-09
-81.66861739080063	291.6115566055256	5.570020531292242e-08	-3.756171565486817e-08	-3.65260157020854e-08	1.7438667003173427e-08	6.721842053157153e-09	8.449941130531032e-09	6.5512039759836736e-09	7.410058919988892e-09
-71.02472653276423	297.32074000408926	4.091692439339868e-08	-2.8973127215353658e-08	-2.0403333057019827e-08	2.014822507423e-08	6.519758146660467e-09	7.170240273690476e-09	6.243205101691951e-09	7.089007047392582e-09
-33.334930167443666	284.26017767332905	5.509775057003025e-08	-2.424780188183854e-08	-2.8075435700965366e-08	4.0146278910865374e-08	7.241248327800285e-09	7.783294590836828e-09	6.705743966344565e-09	8.172716430446775e-09
-26.661912740699428	260.51317220163344	6.126714516719072e-08	-4.160310785634518e-08	-3.026416023449952e-08	3.2393674193696994e-08	7.725696888031861e-09	8.669896601762923e-09	7.2668989722890325e-09	8.010524852970986e-09
-30.698993198197975	253.4321048022654	6.522817003470772e-08	-4.745281744223873e-08	-3.394739134380574e-08	2.8671561705993368e-08	7.564752848684306e-09	8.266221532230377e-09	6.366792993502265e-09	7.98015139771642e-09
-42.60863526394222	236.90014397740347	5.158929858881976e-08	-2.8132152980757796e-08	-4.094093905623036e-08	1.356822929909888e-08	6.127500815614397e-09	7.9142606041952e-09	5.9760862241028885e-09	7.15393547555383e-09
-49.18840593788288	236.40610239925238	5.379435596245462e-08	-2.7017535398161e-08	-4.0025261664742996e-08	2.3238457672660987e-08	6.531276079989112e-09	7.850567944687473e-09	6.556378447218632e-09	7.569853036255537e-09
-48.52978041067675	230.16439811896672	5.210364542807376e-08	-1.673490009648267e-08	-3.4209936014763095e-08	3.440718350604584e-08	5.929924642535592e-09	7.130665017318551e-09	6.132613769360487e-09	7.374352413401776e-09
-86.97642192989316	233.24998266615341	5.4534934482032524e-08	-3.3521352167554234e-08	-3.2809402381621247e-08	2.744291209850264e-08	6.709685103744209e-09	8.166771039457878e-09	6.760414281897503e-09	7.691080041561045e-09
-98.7765303827837	256.0028688906668	5.3104527022077956e-08	-3.253685006769555e-08	-3.00509788531548e-08	2.872394377813336e-08	6.794208842943431e-09	8.517188827253947e-09	6.418687059343902e-09	6.659627934938521e-09
-92.07638877779321	289.56376538010034	5.8761574790476965e-08	-4.646157053830946e-08	-2.0068546892127946e-08	2.8752294048803616e-08	7.0698203202102e-09	8.600353784114517e-09	7.49274255994768e-09	7.552981547239844e-09
-50.473771037748534	304.6257789791963	4.20985268218945e-08	-2.9599400226823705e-08	-2.253144754844029e-08	1.8795462511286e-08	5.837938146972382e-09	6.653893039538736e-09	5.282388081243398e-09	6.654556701888583e-09
-22.15893214085559	278.470372705859	6.041327496538664e-08	-3.934883259902261e-08	-3.0665481564901216e-08	3.293752985717609e-08	6.62917898298915e-09	8.14438506967912e-09	7.312290499444018e-09	7.750580747758627e-09
-33.711251732204595	237.1035982459755	4.7338839191615895e-08	-2.2015122556222474e-08	-2.3658105593001453e-08	3.237169579982828e-08	7.0759626733502595e-09	7.878525135717222e-09	6.19319099244328e-09	7.831967368085688e-09
-307.10269701612043	335.5354368663144	9.603279151689747e-09	-8.97201676623426e-09	-3.0832203508744177e-09	-6.442891109523168e-10	3.0206454318897305e-09	3.2200438756841606e-09	2.862989326091974e-09	3.3759537750525993e-09
-309.6463462880302	333.90193715028056	1.0354857246868929e-08	-9.023676751700748e-09	3.9678708035495335e-09	1.2982372353311305e-10	4.187882197843276e-09	3.6440777073554432e-09	3.4968863151360416e-09	3.0628958731391664e-09
-321.2557680834117	344.07872934870636	6.769537127551812e-09	-3.7388167763629334e-09	6.366777984100847e-10	-3.0626806814184234e-09	2.6908582758810526e-09	2.6580003721177692e-09	2.3969879370882857e-09	2.316461538254852e-09
-321.5598918625227	360.17320933248703	1.0442209002838128e-08	-3.794519749517006e-09	5.871012415007759e-09	-6.003826795862068e-09	3.1079699773098294e-09	2.719280977668883e-09	3.3446353756068035e-09	2.4322484356043757e-09
-296.36012281043486	369.3645429443681	8.488771444071472e-09	-7.353270810512804e-09	1.0696100505740299e-09	3.8158209356984496e-10	3.231350996039775e-09	3.408425112227725e-09	2.9138861258043895e-09	2.8145503682984673e-09
-285.5711380207135	352.98872578480336	1.4499481391599082e-08	-1.187583834805481e-08	-2.953090297203005e-09	-7.57411299866293e-09	4.087455225315214e-09	4.272566545306674e-09	3.7560365462954434e-09	4.056659314333887e-09
-285.4674889577626	344.8266942577573	1.8866143079494357e-08	-1.7218248091151712e-08	3.1239584013651544e-09	-5.45832522579615e-09	4.44047888115313e-09	4.3329544937239964e-09	4.1898579466943654e-09	4.279573856363252e-09
-292.3843765835957	337.86695911637696	1.2359966167511873e-08	-1.0879610291832169e-08	-4.717203409772062e-09	-1.5251091486363012e-09	3.3662329250729465e-09	3.3957046701335223e-09	3.2162764298556e-09	3.3892996838985135e-09
-306.88770503325196	328.3597130124366	1.0425248823664889e-08	-8.506740265793509e-09	1.3526239174004047e-09	-1.5451317959524024e-09	3.658451991864162e-09	3.16228838086607e-09	3.324740043166867e-09	2.8750166884942544e-09
-318.66900186038976	333.1729869922053	1.0727176381404332e-08	-9.131814681201876e-09	2.0595976113693157e-09	-4.986353365118971e-09	3.394187783914438e-09	3.1415726362265262e-09	3.2974694361456165e-09	2.905003242209193e-09
-323.1799319653091	337.48816364714986	7.906699007160885e-09	-3.591820686180282e-09	6.464987840513083e-10	-6.925635876243677e-09	2.8274589552327315e-09	2.711110998370656e-09	2.8691385505062054e-09	2.489384596715357e-09
-328.09017373894864	344.32824990348126	5.606608061561555e-09	-3.809915398485076e-09	-9.226306656705698e-10	-3.0388499488642604e-09	2.5244732914109406e-09	2.357315053896924e-09	2.3673163866426198e-09	2.2999392961091256e-09
-325.35720345941917	361.69447016727116	4.548171783444974e-09	-3.4851360003213044e-09	2.5883827783058664e-09	-8.684871343942163e-10	2.5439898042800417e-09	2.207980509109794e-09	2.2643858543274895e-09	1.938101780116589e-09
-321.84301313432894	368.78050879546356	3.4812542868912402e-09	-2.8387258082293805e-09	9.339541869086736e-10	1.2265155899934907e-09	1.9242484826746067e-09	1.7735857284076025e-09	1.932781369320625e-09	1.5174470916885852e-09
-311.6215688703574	377.8252655430476	9.319917725249507e-09	-9.136034118392072e-09	9.792419798395033e-11	6.497419743754729e-10	3.2867449077761393e-09	3.256388350643336e-09	3.1743044528609905e-09	2.8797911419742776e-09
-282.0942955127051	364.93106998112904	9.377568971490356e-09	-7.278960850964801e-09	-1.8382619685515365e-09	-4.018545991638574e-09	3.256650206276581e-09	3.3127666450597938e-09	3.1836307594763154e-09	3.2368060404297744e-09
-276.9400118946252	349.65909105032927	9.75006799865237e-09	-8.935617253722992e-09	-2.986252271585929e-09	-1.0136746779439192e-09	2.6738398083421374e-09	2.820442944069067e-09	2.510446182890732e-09	2.8702187093588526e-09
-284.51628741675245	333.77196459875387	2.142901152840492e-08	-2.1010033934692918e-08	1.5870470113049431e-09	-2.727876017232458e-09	5.271944003212474e-09	5.123372569482856e-09	4.75028272703774e-09	4.516265375562608e-09
-289.823602115917	321.1236608041483	1.3027956239530067e-08	-1.1149850473642557e-08	1.9433762171970858e-09	-1.6694315891230342e-09	3.2755652884387094e-09	3.3265201767670955e-09	3.066562871057057e-09	2.9059183611834717e-09
-318.2818600658565	325.8492215202515	9.423691679982706e-09	-4.508263177462107e-09	-2.0667123242480036e-09	-5.9856283164580425e-09	3.0603390940680615e-09	3.4076529348490667e-09	2.896535349501288e-09	3.012319922948823e-09
-325.33191787169915	329.4736375463635	6.500284611041846e-09	-6.248027570271809e-09	-3.684193052893412e-11	-2.2599501612792934e-10	2.464994399667452e-09	2.570620375550945e-09	2.3151148635088208e-09	2.4204006617190878e-09
-335.0914634003731	364.4172416530165	7.893304915781476e-09	-2.375006233628093e-09	-3.5236215680747124e-09	-6.456191408177299e-09	2.5435862633966846e-09	3.018780040025355e-09	2.2225191487241637e-09	2.8128886628358957e-09
-329.0970415153457	375.0195892667712	6.276693149768348e-09	-4.888049641115578e-09	-2.2406226780525598e-10	-3.3155426229356913e-09	2.2666560261632985e-09	2.4181690576594665e-09	2.1979530983739523e-09	2.5619528800077067e-09
-320.2953539457853	377.6839300478826	5.690903487853764e-09	-4.21884434087165e-09	8.170838196269863e-10	-3.4361299896347675e-09	2.5810093092664455e-09	2.5933681225917405e-09	2.497445281592291e-09	2.4422399693837836e-09
-272.50077608362415	367.5034474118284	8.459582788165086e-09	-5.938418776847341e-09	-3.3386604069550167e-09	3.8926532793823446e-09	2.9591030370842592e-09	3.1220892491148846e-09	2.4821306389745433e-09	3.0197085885826072e-09
-272.21156492043525	359.28833509158454	1.2696967865800003e-08	-1.0570428556301407e-08	-4.173091471386563e-09	-1.4310328598730585e-09	3.939076727847159e-09	4.173271756972619e-09	3.5047877866012784e-09	3.731865242296584e-09
-273.62777610512364	338.77189299499184	1.3433129854404518e-08	-9.278064156880143e-09	-1.992647473617959e-09	-8.070032794462842e-09	3.778054935116071e-09	3.9624352341375776e-09	3.0765135579280795e-09	3.6246183101665954e-09
-342.7957900402639	357.0661975266994	5.307582339373547e-09	-2.631157940228382e-09	2.4109301273480205e-09	-3.2816185546903416e-09	2.6963145343278134e-09	2.2884764806584163e-09	2.688587179852608e-09	1.8405944157859211e-09
-315.5837087936011	392.31627904476557	4.226783812798365e-09	-2.988596807980533e-09	1.1799902046924102e-09	-2.0686261736209747e-09	2.2170492195852187e-09	1.8934602773700717e-09	2.1635165084985737e-09	1.7861192526732827e-09
-293.93297279012063	388.1633028074787	9.649947097853845e-09	-8.126517151170073e-09	2.6492289518087678e-09	-3.726232975327155e-09	3.6352987140766135e-09	3.2345193078573534e-09	3.2659601745353667e-09	3.1023873506840056e-09
-278.0722744793379	385.24621685491246	1.2352015037842021e-08	-1.0848612665707508e-08	5.2574842989307045e-09	-2.1590305068492824e-09	4.387414255724092e-09	3.640212734495867e-09	3.735831656699896e-09	2.9972717337352246e-09
